 +1.0000000000000000e+00
 +1.0000000000000000e+00
 +1.0000000000000002e+00
 +1.0000000000000004e+00
 +1.0000000000000011e+00
 +1.0000000000000022e+00
 +1.0000000000000047e+00
 +1.0000000000000091e+00
 +1.0000000000000182e+00
 +1.0000000000000364e+00
 +1.0000000000000728e+00
 +1.0000000000001454e+00
 +1.0000000000002909e+00
 +1.0000000000005820e+00
 +1.0000000000011637e+00
 +1.0000000000023275e+00
 +1.0000000000046549e+00
 +1.0000000000093101e+00
 +1.0000000000186202e+00
 +1.0000000000372407e+00
 +1.0000000000744813e+00
 +1.0000000001489624e+00
 +1.0000000002979248e+00
 +1.0000000005958496e+00
 +1.0000000011916990e+00
 +1.0000000023833979e+00
 +1.0000000047667958e+00
 +1.0000000095335919e+00
 +1.0000000190671838e+00
 +1.0000000381343683e+00
 +1.0000000762687380e+00
 +1.0000001525374815e+00
 +1.0000003050749864e+00
 +1.0000006101500660e+00
 +1.0000012203005044e+00
 +1.0000024406024979e+00
 +1.0000048812109523e+00
 +1.0000097624457307e+00
 +1.0000195249867667e+00
 +1.0000390503547587e+00
 +1.0000781022344478e+00
 +1.0001562105688544e+00
 +1.0003124455394508e+00
 +1.0006249887011165e+00
 +1.0012503680131097e+00
 +1.0025022994463875e+00
 +1.0050108603952943e+00
 +1.0100468295124898e+00
 +1.0201945978082327e+00
 +1.0407970173971017e+00
 +1.0832584314227029e+00
 +1.1734488292483747e+00
 +1.3769821548643812e+00
 +1.8960798548149547e+00
 +3.5951188158350997e+00
 +1.2924879299971568e+01
 +1.6705250491883353e+02
 +2.7906539399656911e+04
 +7.7877494126460326e+08
 +6.0649040914168640e+17
