 +1.0000000000000000e+00
 +1.0000000000000002e+00
 +1.0000000000000004e+00
 +1.0000000000000007e+00
 +1.0000000000000013e+00
 +1.0000000000000027e+00
 +1.0000000000000056e+00
 +1.0000000000000107e+00
 +1.0000000000000215e+00
 +1.0000000000000431e+00
 +1.0000000000000862e+00
 +1.0000000000001723e+00
 +1.0000000000003446e+00
 +1.0000000000006890e+00
 +1.0000000000013780e+00
 +1.0000000000027558e+00
 +1.0000000000055116e+00
 +1.0000000000110234e+00
 +1.0000000000220468e+00
 +1.0000000000440934e+00
 +1.0000000000881868e+00
 +1.0000000001763738e+00
 +1.0000000003527478e+00
 +1.0000000007054954e+00
 +1.0000000014109909e+00
 +1.0000000028219820e+00
 +1.0000000056439637e+00
 +1.0000000112879275e+00
 +1.0000000225758552e+00
 +1.0000000451517108e+00
 +1.0000000903034234e+00
 +1.0000001806068550e+00
 +1.0000003612137427e+00
 +1.0000007224276157e+00
 +1.0000014448557535e+00
 +1.0000028897135949e+00
 +1.0000057794355399e+00
 +1.0000115589044818e+00
 +1.0000231179425718e+00
 +1.0000462364195828e+00
 +1.0000924749769720e+00
 +1.0001849585055655e+00
 +1.0003699512207798e+00
 +1.0007400393054653e+00
 +1.0014806262691041e+00
 +1.0029634447923572e+00
 +1.0059356715897516e+00
 +1.0119065753767247e+00
 +1.0239549172906508e+00
 +1.0484836726437035e+00
 +1.0993180118004287e+00
 +1.2085000910688475e+00
 +1.4604724701134126e+00
 +2.1329798359591727e+00
 +4.5496029806084186e+00
 +2.0698887281161007e+01
 +4.2844393467820885e+02
 +1.8356420516254532e+05
 +3.3695817416957035e+10
 +1.1354081113969048e+21
