 +1.0000000000000000e+00
 +1.0000000000000000e+00
 +1.0000000000000002e+00
 +1.0000000000000004e+00
 +1.0000000000000011e+00
 +1.0000000000000022e+00
 +1.0000000000000044e+00
 +1.0000000000000091e+00
 +1.0000000000000182e+00
 +1.0000000000000362e+00
 +1.0000000000000726e+00
 +1.0000000000001452e+00
 +1.0000000000002907e+00
 +1.0000000000005813e+00
 +1.0000000000011624e+00
 +1.0000000000023248e+00
 +1.0000000000046498e+00
 +1.0000000000092997e+00
 +1.0000000000185991e+00
 +1.0000000000371982e+00
 +1.0000000000743967e+00
 +1.0000000001487934e+00
 +1.0000000002975868e+00
 +1.0000000005951735e+00
 +1.0000000011903472e+00
 +1.0000000023806941e+00
 +1.0000000047613882e+00
 +1.0000000095227766e+00
 +1.0000000190455531e+00
 +1.0000000380911067e+00
 +1.0000000761822152e+00
 +1.0000001523644360e+00
 +1.0000003047288950e+00
 +1.0000006094578828e+00
 +1.0000012189161369e+00
 +1.0000024378337595e+00
 +1.0000048756734619e+00
 +1.0000097513706960e+00
 +1.0000195028364813e+00
 +1.0000390060533235e+00
 +1.0000780136281191e+00
 +1.0001560333423645e+00
 +1.0003120910311327e+00
 +1.0006242794630769e+00
 +1.0012489486510019e+00
 +1.0024994571747365e+00
 +1.0050051616356412e+00
 +1.0100353749142814e+00
 +1.0201714585782327e+00
 +1.0407498048976389e+00
 +1.0831601563944737e+00
 +1.1732359244005006e+00
 +1.3764825343038973e+00
 +1.8947041672436797e+00
 +3.5899038813705646e+00
 +1.2887409877479445e+01
 +1.6608533335015483e+02
 +2.7584337954032042e+04
 +7.6089570036225271e+08
 +5.7896226682976294e+17
