 +1.0000000000000000e+00
 +1.0000000000000000e+00
 +1.0000000000000002e+00
 +1.0000000000000002e+00
 +1.0000000000000007e+00
 +1.0000000000000011e+00
 +1.0000000000000024e+00
 +1.0000000000000049e+00
 +1.0000000000000095e+00
 +1.0000000000000191e+00
 +1.0000000000000384e+00
 +1.0000000000000768e+00
 +1.0000000000001537e+00
 +1.0000000000003078e+00
 +1.0000000000006153e+00
 +1.0000000000012306e+00
 +1.0000000000024614e+00
 +1.0000000000049227e+00
 +1.0000000000098455e+00
 +1.0000000000196909e+00
 +1.0000000000393816e+00
 +1.0000000000787632e+00
 +1.0000000001575264e+00
 +1.0000000003150529e+00
 +1.0000000006301057e+00
 +1.0000000012602117e+00
 +1.0000000025204232e+00
 +1.0000000050408464e+00
 +1.0000000100816930e+00
 +1.0000000201633863e+00
 +1.0000000403267728e+00
 +1.0000000806535474e+00
 +1.0000001613071012e+00
 +1.0000003226142284e+00
 +1.0000006452285608e+00
 +1.0000012904575379e+00
 +1.0000025809167412e+00
 +1.0000051618401433e+00
 +1.0000103237069315e+00
 +1.0000206475204418e+00
 +1.0000412954672036e+00
 +1.0000825926397230e+00
 +1.0001651921009902e+00
 +1.0003304114904104e+00
 +1.0006609321525737e+00
 +1.0013223011364578e+00
 +1.0026463507532111e+00
 +1.0052997046787313e+00
 +1.0106274962271444e+00
 +1.0213679361303467e+00
 +1.0431924609551639e+00
 +1.0882505105936913e+00
 +1.1842891738074295e+00
 +1.4025408471974838e+00
 +1.9671208280574357e+00
 +3.8695643521773722e+00
 +1.4973528275641883e+01
 +2.2420654902144705e+02
 +5.0268576624106536e+04
 +2.5269297958136702e+09
