 +1.0000000000000000e+00
 +9.9999999999999989e-01
 +9.9999999999999989e-01
 +1.0000000000000000e+00
 +9.9999999999999978e-01
 +9.9999999999999944e-01
 +9.9999999999999900e-01
 +9.9999999999999789e-01
 +9.9999999999999589e-01
 +9.9999999999999167e-01
 +9.9999999999998335e-01
 +9.9999999999996658e-01
 +9.9999999999993328e-01
 +9.9999999999986666e-01
 +9.9999999999973321e-01
 +9.9999999999946654e-01
 +9.9999999999893285e-01
 +9.9999999999786593e-01
 +9.9999999999573186e-01
 +9.9999999999146361e-01
 +9.9999999998292732e-01
 +9.9999999996585454e-01
 +9.9999999993170907e-01
 +9.9999999986341814e-01
 +9.9999999972683651e-01
 +9.9999999945367279e-01
 +9.9999999890734570e-01
 +9.9999999781469151e-01
 +9.9999999562938313e-01
 +9.9999999125876615e-01
 +9.9999998251753242e-01
 +9.9999996503506527e-01
 +9.9999993007013166e-01
 +9.9999986014026820e-01
 +9.9999972028055617e-01
 +9.9999944056119050e-01
 +9.9999888112269397e-01
 +9.9999776224663972e-01
 +9.9999552449828699e-01
 +9.9999104901660418e-01
 +9.9998209811332872e-01
 +9.9996419654713498e-01
 +9.9992839437615710e-01
 +9.9985679387967974e-01
 +9.9971360826735234e-01
 +9.9942729855492896e-01
 +9.9885492509680318e-01
 +9.9771116139014038e-01
 +9.9542756156246248e-01
 +9.9087603031819016e-01
 +9.8183530745913483e-01
 +9.6400057097337388e-01
 +9.2929710083699102e-01
 +8.6359310162403657e-01
 +7.4579304517262368e-01
 +5.5620726622785521e-01
 +3.0936652300466416e-01
 +9.5707645555995424e-02
 +9.1599534178720497e-03
 +8.3904746617585846e-05
