 +1.0000000000000000e+00
 +1.0000000000000002e+00
 +1.0000000000000004e+00
 +1.0000000000000007e+00
 +1.0000000000000013e+00
 +1.0000000000000027e+00
 +1.0000000000000056e+00
 +1.0000000000000111e+00
 +1.0000000000000220e+00
 +1.0000000000000440e+00
 +1.0000000000000882e+00
 +1.0000000000001761e+00
 +1.0000000000003524e+00
 +1.0000000000007048e+00
 +1.0000000000014098e+00
 +1.0000000000028195e+00
 +1.0000000000056390e+00
 +1.0000000000112781e+00
 +1.0000000000225564e+00
 +1.0000000000451128e+00
 +1.0000000000902256e+00
 +1.0000000001804510e+00
 +1.0000000003609020e+00
 +1.0000000007218039e+00
 +1.0000000014436079e+00
 +1.0000000028872156e+00
 +1.0000000057744314e+00
 +1.0000000115488628e+00
 +1.0000000230977255e+00
 +1.0000000461954517e+00
 +1.0000000923909056e+00
 +1.0000001847818196e+00
 +1.0000003695636734e+00
 +1.0000007391274832e+00
 +1.0000014782555129e+00
 +1.0000029565132111e+00
 +1.0000059130351631e+00
 +1.0000118261052902e+00
 +1.0000236523504371e+00
 +1.0000473052603078e+00
 +1.0000946127584034e+00
 +1.0001892344683807e+00
 +1.0003785047464453e+00
 +1.0007571527587338e+00
 +1.0015148787977677e+00
 +1.0030320524533072e+00
 +1.0060732982486940e+00
 +1.0121834814490056e+00
 +1.0245154001182295e+00
 +1.0496318050794158e+00
 +1.1017269262342728e+00
 +1.2138022199896188e+00
 +1.4733158292517272e+00
 +2.1706595327237044e+00
 +4.7117628070042912e+00
 +2.2200708749468959e+01
 +4.9287146897874754e+02
 +2.4292228493326847e+05
 +5.9011236517200081e+10
 +3.4823260352889283e+21
