8

  5  0.500000000   0.333333333     0  0 0 0 0 1
  0.500000000   6  0.333333333   0.250000000   0  0 0 0 8
  0.333333333   0.333333333   7  0.250000000   0.200000000   0  0 0 0
  0             0.250000000  0.250000000   8  0.200000000   0.166666667   0.142857143   0 1
  0 0           0.200000000  0.200000000   9  0.166666667   0.142857143   0.125000000   7
  0 0 0         0.166666667   0.166666667   10  0.14285714  +0.125000000 9
  0 0 0 0       0.142857143   0.142857143   11  0.125000000  5
  0 0 0 0 0     0.125000000   0.125000000   12  2



