
MATRIU ENTRADA
+1.00000000e+00  +5.00000000e-01  +3.33333333e-01  +2.50000000e-01  +2.00000000e-01  +1.66666667e-01  +1.42857143e-01  +1.25000000e-01  
  +5.00000000e-01  +5.00000000e-01  +3.33333333e-01  +2.50000000e-01  +2.00000000e-01  +1.66666667e-01  +1.42857143e-01  +1.25000000e-01  
  +3.33333333e-01  +3.33333333e-01  +3.33333333e-01  +2.50000000e-01  +2.00000000e-01  +1.66666667e-01  +1.42857143e-01  +1.25000000e-01  
  +2.50000000e-01  +2.50000000e-01  +2.50000000e-01  +2.50000000e-01  +2.00000000e-01  +1.66666667e-01  +1.42857143e-01  +1.25000000e-01  
  +2.00000000e-01  +2.00000000e-01  +2.00000000e-01  +2.00000000e-01  +2.00000000e-01  +1.66666667e-01  +1.42857143e-01  +1.25000000e-01  
  +1.66666667e-01  +1.66666667e-01  +1.66666667e-01  +1.66666667e-01  +1.66666667e-01  +1.66666667e-01  +1.42857143e-01  +1.25000000e-01  
  +1.42857143e-01  +1.42857143e-01  +1.42857143e-01  +1.42857143e-01  +1.42857143e-01  +1.42857143e-01  +1.42857143e-01  +1.25000000e-01  
  +1.25000000e-01  +1.25000000e-01  +1.25000000e-01  +1.25000000e-01  +1.25000000e-01  +1.25000000e-01  +1.25000000e-01  +1.25000000e-01  
  