8

  5  +5.00000000e-01  +3.33333333e-01    0  0 0 0 0
  +5.00000000e-01  6  +3.33333333e-01  +2.50000000e-01  0  0 0 0
  +3.33333333e-01  +3.33333333e-01  7  +2.50000000e-01  +2.00000000e-01  0  0 0 
  0             +2.50000000e-01  +2.50000000e-01  8  +2.00000000e-01  +1.66666667e-01  +1.42857143e-01  0
  0 0           +2.00000000e-01  +2.00000000e-01  9  +1.66666667e-01  +1.42857143e-01  +1.25000000e-01  
  0 0 0         +1.66666667e-01  +1.66666667e-01  10  +1.42857143e-01  +1.25000000e-01  
  0 0 0 0       +1.42857143e-01  +1.42857143e-01  11  +1.25000000e-01  
  0 0 0 0 0     +1.25000000e-01  +1.25000000e-01  12  
