-5.00e-01 -1.0197e+00 +6.5210e+00 +7.5407e+00
-3.00e-01 -1.1209e+00 +2.2078e+00 +3.3287e+00
-1.00e-01 -1.0799e+00 -5.6432e-02 +1.0235e+00
+1.00e-01 -8.8023e-01 -9.2340e-01 -4.3172e-02
+3.00e-01 -5.2982e-01 -9.0653e-01 -3.7671e-01
+5.00e-01 -6.0877e-02 -3.9922e-01 -3.3834e-01
+7.00e-01 +4.7425e-01 +3.0812e-01 -1.6613e-01
+9.00e-01 +1.0105e+00 +1.0122e+00 +1.6825e-03
+1.10e+00 +1.4797e+00 +1.5822e+00 +1.0250e-01
+1.30e+00 +1.8204e+00 +1.9461e+00 +1.2563e-01
+1.50e+00 +1.9875e+00 +2.0782e+00 +9.0666e-02
+1.70e+00 +1.9585e+00 +1.9878e+00 +2.9340e-02
+1.90e+00 +1.7373e+00 +1.7093e+00 -2.7996e-02
+2.10e+00 +1.3535e+00 +1.2926e+00 -6.0841e-02
+2.30e+00 +8.5786e-01 +7.9587e-01 -6.1992e-02
+2.50e+00 +3.1481e-01 +2.7813e-01 -3.6682e-02
+2.70e+00 -2.0731e-01 -2.0591e-01 +1.4043e-03
+2.90e+00 -6.4627e-01 -6.1053e-01 +3.5743e-02
+3.10e+00 -9.5496e-01 -9.0233e-01 +5.2635e-02
+3.30e+00 -1.1080e+00 -1.0624e+00 +4.5549e-02
+3.50e+00 -1.1047e+00 -1.0876e+00 +1.7126e-02
+3.70e+00 -9.6838e-01 -9.8998e-01 -2.1601e-02
+3.90e+00 -7.4172e-01 -7.9631e-01 -5.4588e-02
+4.10e+00 -4.7912e-01 -5.4514e-01 -6.6018e-02
+4.30e+00 -2.3745e-01 -2.8361e-01 -4.6167e-02
+4.50e+00 -6.6400e-02 -6.2771e-02 +3.6292e-03
+4.70e+00 -2.3022e-04 +6.8178e-02 +6.8408e-02
+4.90e+00 -5.2026e-02 +6.8756e-02 +1.2078e-01
+5.10e+00 -2.1155e-01 -8.4757e-02 +1.2679e-01
+5.30e+00 -4.4693e-01 -3.9016e-01 +5.6769e-02
+5.50e+00 -7.0997e-01 -8.0903e-01 -9.9061e-02
+5.70e+00 -9.4418e-01 -1.2553e+00 -3.1109e-01
+5.90e+00 -1.0943e+00 -1.5825e+00 -4.8822e-01
+6.10e+00 -1.1158e+00 -1.5705e+00 -4.5471e-01
+6.30e+00 -9.8262e-01 -9.1010e-01 +7.2524e-02
+6.50e+00 -6.9233e-01 +8.1265e-01 +1.5050e+00
+6.70e+00 -2.6734e-01 +4.1336e+00 +4.4010e+00
+6.90e+00 +2.4762e-01 +9.7289e+00 +9.4813e+00
+7.10e+00 +7.9176e-01 +1.8434e+01 +1.7642e+01
+7.30e+00 +1.2969e+00 +3.1265e+01 +2.9968e+01
+7.50e+00 +1.6977e+00 +4.9440e+01 +4.7742e+01
+7.70e+00 +1.9411e+00 +7.4401e+01 +7.2460e+01
+7.90e+00 +1.9947e+00 +1.0784e+02 +1.0584e+02
+8.10e+00 +1.8513e+00 +1.5172e+02 +1.4987e+02
+8.30e+00 +1.5300e+00 +2.0830e+02 +2.0677e+02
+8.50e+00 +1.0737e+00 +2.8019e+02 +2.7912e+02
+8.70e+00 +5.4203e-01 +3.7032e+02 +3.6978e+02
+8.90e+00 +3.0647e-03 +4.8203e+02 +4.8203e+02
+9.10e+00 -4.7725e-01 +6.1907e+02 +6.1955e+02
+9.30e+00 -8.4457e-01 +7.8564e+02 +7.8648e+02
