-1.50e+00 +1.7467e-02 +6.7612e+05 +6.7612e+05
-1.45e+00 +1.8670e-02 +3.3575e+05 +3.3575e+05
-1.40e+00 +2.0000e-02 +1.5965e+05 +1.5965e+05
-1.35e+00 +2.1477e-02 +7.2151e+04 +7.2151e+04
-1.30e+00 +2.3121e-02 +3.0678e+04 +3.0678e+04
-1.25e+00 +2.4961e-02 +1.2098e+04 +1.2098e+04
-1.20e+00 +2.7027e-02 +4.3300e+03 +4.3300e+03
-1.15e+00 +2.9358e-02 +1.3566e+03 +1.3565e+03
-1.10e+00 +3.2000e-02 +3.4628e+02 +3.4625e+02
-1.05e+00 +3.5011e-02 +5.9012e+01 +5.8977e+01
-1.00e+00 +3.8462e-02 +3.8462e-02 +5.1906e-13
-9.50e-01 +4.2440e-02 -3.5468e+00 -3.5892e+00
-9.00e-01 +4.7059e-02 -5.4971e-01 -5.9676e-01
-8.50e-01 +5.2459e-02 +4.6459e-01 +4.1213e-01
-8.00e-01 +5.8824e-02 +2.6210e-01 +2.0327e-01
-7.50e-01 +6.6390e-02 +1.7168e-02 -4.9222e-02
-7.00e-01 +7.5472e-02 +4.5087e-03 -7.0963e-02
-6.50e-01 +8.6486e-02 +8.3079e-02 -3.4076e-03
-6.00e-01 +1.0000e-01 +1.2686e-01 +2.6864e-02
-5.50e-01 +1.1679e-01 +1.2707e-01 +1.0284e-02
-5.00e-01 +1.3793e-01 +1.2757e-01 -1.0360e-02
-4.50e-01 +1.6495e-01 +1.5503e-01 -9.9145e-03
-4.00e-01 +2.0000e-01 +2.0304e-01 +3.0363e-03
-3.50e-01 +2.4615e-01 +2.5496e-01 +8.8040e-03
-3.00e-01 +3.0769e-01 +3.0901e-01 +1.3192e-03
-2.50e-01 +3.9024e-01 +3.8236e-01 -7.8844e-03
-2.00e-01 +5.0000e-01 +4.9465e-01 -5.3508e-03
-1.50e-01 +6.4000e-01 +6.4657e-01 +6.5680e-03
-1.00e-01 +8.0000e-01 +8.1018e-01 +1.0184e-02
-5.00e-02 +9.4118e-01 +9.3822e-01 -2.9556e-03
+7.63e-16 +1.0000e+00 +9.8681e-01 -1.3185e-02
+5.00e-02 +9.4118e-01 +9.3822e-01 -2.9556e-03
+1.00e-01 +8.0000e-01 +8.1018e-01 +1.0184e-02
+1.50e-01 +6.4000e-01 +6.4657e-01 +6.5680e-03
+2.00e-01 +5.0000e-01 +4.9465e-01 -5.3508e-03
+2.50e-01 +3.9024e-01 +3.8236e-01 -7.8844e-03
+3.00e-01 +3.0769e-01 +3.0901e-01 +1.3192e-03
+3.50e-01 +2.4615e-01 +2.5496e-01 +8.8040e-03
+4.00e-01 +2.0000e-01 +2.0304e-01 +3.0363e-03
+4.50e-01 +1.6495e-01 +1.5503e-01 -9.9145e-03
+5.00e-01 +1.3793e-01 +1.2757e-01 -1.0360e-02
+5.50e-01 +1.1679e-01 +1.2707e-01 +1.0284e-02
+6.00e-01 +1.0000e-01 +1.2686e-01 +2.6864e-02
+6.50e-01 +8.6486e-02 +8.3079e-02 -3.4076e-03
+7.00e-01 +7.5472e-02 +4.5087e-03 -7.0963e-02
+7.50e-01 +6.6390e-02 +1.7168e-02 -4.9222e-02
+8.00e-01 +5.8824e-02 +2.6210e-01 +2.0327e-01
+8.50e-01 +5.2459e-02 +4.6459e-01 +4.1213e-01
+9.00e-01 +4.7059e-02 -5.4971e-01 -5.9676e-01
+9.50e-01 +4.2440e-02 -3.5468e+00 -3.5892e+00
+1.00e+00 +3.8462e-02 +3.8462e-02 +7.8398e-12
+1.05e+00 +3.5011e-02 +5.9012e+01 +5.8977e+01
+1.10e+00 +3.2000e-02 +3.4628e+02 +3.4625e+02
+1.15e+00 +2.9358e-02 +1.3566e+03 +1.3565e+03
+1.20e+00 +2.7027e-02 +4.3300e+03 +4.3300e+03
+1.25e+00 +2.4961e-02 +1.2098e+04 +1.2098e+04
+1.30e+00 +2.3121e-02 +3.0678e+04 +3.0678e+04
+1.35e+00 +2.1477e-02 +7.2151e+04 +7.2151e+04
+1.40e+00 +2.0000e-02 +1.5965e+05 +1.5965e+05
+1.45e+00 +1.8670e-02 +3.3575e+05 +3.3575e+05
