-1.50e+00 +1.7467e-02 +2.7578e+00 +2.7403e+00
-1.45e+00 +1.8670e-02 +2.2415e+00 +2.2228e+00
-1.40e+00 +2.0000e-02 +1.7923e+00 +1.7723e+00
-1.35e+00 +2.1477e-02 +1.4052e+00 +1.3837e+00
-1.30e+00 +2.3121e-02 +1.0751e+00 +1.0520e+00
-1.25e+00 +2.4961e-02 +7.9736e-01 +7.7240e-01
-1.20e+00 +2.7027e-02 +5.6731e-01 +5.4028e-01
-1.15e+00 +2.9358e-02 +3.8054e-01 +3.5118e-01
-1.10e+00 +3.2000e-02 +2.3281e-01 +2.0081e-01
-1.05e+00 +3.5011e-02 +1.2008e-01 +8.5069e-02
-1.00e+00 +3.8462e-02 +3.8462e-02 -5.2458e-15
-9.50e-01 +4.2440e-02 -1.5738e-02 -5.8178e-02
-9.00e-01 +4.7059e-02 -4.6034e-02 -9.3092e-02
-8.50e-01 +5.2459e-02 -5.5762e-02 -1.0822e-01
-8.00e-01 +5.8824e-02 -4.8077e-02 -1.0690e-01
-7.50e-01 +6.6390e-02 -2.5954e-02 -9.2344e-02
-7.00e-01 +7.5472e-02 +7.8125e-03 -6.7659e-02
-6.50e-01 +8.6486e-02 +5.0608e-02 -3.5878e-02
-6.00e-01 +1.0000e-01 +1.0000e-01 +5.8287e-16
-5.50e-01 +1.1679e-01 +1.5373e-01 +3.6945e-02
-5.00e-01 +1.3793e-01 +2.0974e-01 +7.1805e-02
-4.50e-01 +1.6495e-01 +2.6611e-01 +1.0116e-01
-4.00e-01 +2.0000e-01 +3.2115e-01 +1.2115e-01
-3.50e-01 +2.4615e-01 +3.7332e-01 +1.2717e-01
-3.00e-01 +3.0769e-01 +4.2127e-01 +1.1358e-01
-2.50e-01 +3.9024e-01 +4.6383e-01 +7.3586e-02
-2.00e-01 +5.0000e-01 +5.0000e-01 -1.4433e-15
-1.50e-01 +6.4000e-01 +5.2897e-01 -1.1103e-01
-1.00e-01 +8.0000e-01 +5.5012e-01 -2.4988e-01
-5.00e-02 +9.4118e-01 +5.6299e-01 -3.7819e-01
+7.63e-16 +1.0000e+00 +5.6731e-01 -4.3269e-01
+5.00e-02 +9.4118e-01 +5.6299e-01 -3.7819e-01
+1.00e-01 +8.0000e-01 +5.5012e-01 -2.4988e-01
+1.50e-01 +6.4000e-01 +5.2897e-01 -1.1103e-01
+2.00e-01 +5.0000e-01 +5.0000e-01 +1.1102e-15
+2.50e-01 +3.9024e-01 +4.6383e-01 +7.3586e-02
+3.00e-01 +3.0769e-01 +4.2127e-01 +1.1358e-01
+3.50e-01 +2.4615e-01 +3.7332e-01 +1.2717e-01
+4.00e-01 +2.0000e-01 +3.2115e-01 +1.2115e-01
+4.50e-01 +1.6495e-01 +2.6611e-01 +1.0116e-01
+5.00e-01 +1.3793e-01 +2.0974e-01 +7.1805e-02
+5.50e-01 +1.1679e-01 +1.5373e-01 +3.6945e-02
+6.00e-01 +1.0000e-01 +1.0000e-01 -5.2736e-16
+6.50e-01 +8.6486e-02 +5.0608e-02 -3.5878e-02
+7.00e-01 +7.5472e-02 +7.8125e-03 -6.7659e-02
+7.50e-01 +6.6390e-02 -2.5954e-02 -9.2344e-02
+8.00e-01 +5.8824e-02 -4.8077e-02 -1.0690e-01
+8.50e-01 +5.2459e-02 -5.5762e-02 -1.0822e-01
+9.00e-01 +4.7059e-02 -4.6034e-02 -9.3092e-02
+9.50e-01 +4.2440e-02 -1.5738e-02 -5.8178e-02
+1.00e+00 +3.8462e-02 +3.8462e-02 +1.6862e-15
+1.05e+00 +3.5011e-02 +1.2008e-01 +8.5069e-02
+1.10e+00 +3.2000e-02 +2.3281e-01 +2.0081e-01
+1.15e+00 +2.9358e-02 +3.8054e-01 +3.5118e-01
+1.20e+00 +2.7027e-02 +5.6731e-01 +5.4028e-01
+1.25e+00 +2.4961e-02 +7.9736e-01 +7.7240e-01
+1.30e+00 +2.3121e-02 +1.0751e+00 +1.0520e+00
+1.35e+00 +2.1477e-02 +1.4052e+00 +1.3837e+00
+1.40e+00 +2.0000e-02 +1.7923e+00 +1.7723e+00
+1.45e+00 +1.8670e-02 +2.2415e+00 +2.2228e+00
