-1.50e+00 +1.7467e-02 -1.4198e+03 -1.4198e+03
-1.45e+00 +1.8670e-02 -9.0216e+02 -9.0218e+02
-1.40e+00 +2.0000e-02 -5.5631e+02 -5.5633e+02
-1.35e+00 +2.1477e-02 -3.3105e+02 -3.3107e+02
-1.30e+00 +2.3121e-02 -1.8866e+02 -1.8868e+02
-1.25e+00 +2.4961e-02 -1.0182e+02 -1.0185e+02
-1.20e+00 +2.7027e-02 -5.1149e+01 -5.1176e+01
-1.15e+00 +2.9358e-02 -2.3206e+01 -2.3235e+01
-1.10e+00 +3.2000e-02 -8.9280e+00 -8.9600e+00
-1.05e+00 +3.5011e-02 -2.4097e+00 -2.4447e+00
-1.00e+00 +3.8462e-02 +3.8462e-02 +1.6417e-14
-9.50e-01 +4.2440e-02 +5.9573e-01 +5.5329e-01
-9.00e-01 +4.7059e-02 +4.5242e-01 +4.0536e-01
-8.50e-01 +5.2459e-02 +1.8356e-01 +1.3110e-01
-8.00e-01 +5.8824e-02 +8.0835e-03 -5.0740e-02
-7.50e-01 +6.6390e-02 -3.9006e-02 -1.0540e-01
-7.00e-01 +7.5472e-02 +9.1326e-04 -7.4558e-02
-6.50e-01 +8.6486e-02 +7.1418e-02 -1.5069e-02
-6.00e-01 +1.0000e-01 +1.3070e-01 +3.0697e-02
-5.50e-01 +1.1679e-01 +1.6089e-01 +4.4100e-02
-5.00e-01 +1.3793e-01 +1.6564e-01 +2.7710e-02
-4.50e-01 +1.6495e-01 +1.6210e-01 -2.8468e-03
-4.00e-01 +2.0000e-01 +1.7160e-01 -2.8404e-02
-3.50e-01 +2.4615e-01 +2.1163e-01 -3.4520e-02
-3.00e-01 +3.0769e-01 +2.9067e-01 -1.7021e-02
-2.50e-01 +3.9024e-01 +4.0604e-01 +1.5798e-02
-2.00e-01 +5.0000e-01 +5.4485e-01 +4.4847e-02
-1.50e-01 +6.4000e-01 +6.8709e-01 +4.7091e-02
-1.00e-01 +8.0000e-01 +8.1014e-01 +1.0139e-02
-5.00e-02 +9.4118e-01 +8.9349e-01 -4.7683e-02
+7.63e-16 +1.0000e+00 +9.2297e-01 -7.7035e-02
+5.00e-02 +9.4118e-01 +8.9349e-01 -4.7683e-02
+1.00e-01 +8.0000e-01 +8.1014e-01 +1.0139e-02
+1.50e-01 +6.4000e-01 +6.8709e-01 +4.7091e-02
+2.00e-01 +5.0000e-01 +5.4485e-01 +4.4847e-02
+2.50e-01 +3.9024e-01 +4.0604e-01 +1.5798e-02
+3.00e-01 +3.0769e-01 +2.9067e-01 -1.7021e-02
+3.50e-01 +2.4615e-01 +2.1163e-01 -3.4520e-02
+4.00e-01 +2.0000e-01 +1.7160e-01 -2.8404e-02
+4.50e-01 +1.6495e-01 +1.6210e-01 -2.8468e-03
+5.00e-01 +1.3793e-01 +1.6564e-01 +2.7710e-02
+5.50e-01 +1.1679e-01 +1.6089e-01 +4.4100e-02
+6.00e-01 +1.0000e-01 +1.3070e-01 +3.0697e-02
+6.50e-01 +8.6486e-02 +7.1418e-02 -1.5069e-02
+7.00e-01 +7.5472e-02 +9.1326e-04 -7.4558e-02
+7.50e-01 +6.6390e-02 -3.9006e-02 -1.0540e-01
+8.00e-01 +5.8824e-02 +8.0835e-03 -5.0740e-02
+8.50e-01 +5.2459e-02 +1.8356e-01 +1.3110e-01
+9.00e-01 +4.7059e-02 +4.5242e-01 +4.0536e-01
+9.50e-01 +4.2440e-02 +5.9573e-01 +5.5329e-01
+1.00e+00 +3.8462e-02 +3.8462e-02 +6.3421e-15
+1.05e+00 +3.5011e-02 -2.4097e+00 -2.4447e+00
+1.10e+00 +3.2000e-02 -8.9280e+00 -8.9600e+00
+1.15e+00 +2.9358e-02 -2.3206e+01 -2.3235e+01
+1.20e+00 +2.7027e-02 -5.1149e+01 -5.1176e+01
+1.25e+00 +2.4961e-02 -1.0182e+02 -1.0185e+02
+1.30e+00 +2.3121e-02 -1.8866e+02 -1.8868e+02
+1.35e+00 +2.1477e-02 -3.3105e+02 -3.3107e+02
+1.40e+00 +2.0000e-02 -5.5631e+02 -5.5633e+02
+1.45e+00 +1.8670e-02 -9.0216e+02 -9.0218e+02
