-1.50e+00 +1.7467e-02 -3.1855e+08 -3.1855e+08
-1.45e+00 +1.8670e-02 -1.2355e+08 -1.2355e+08
-1.40e+00 +2.0000e-02 -4.5270e+07 -4.5270e+07
-1.35e+00 +2.1477e-02 -1.5523e+07 -1.5523e+07
-1.30e+00 +2.3121e-02 -4.9182e+06 -4.9182e+06
-1.25e+00 +2.4961e-02 -1.4147e+06 -1.4147e+06
-1.20e+00 +2.7027e-02 -3.5981e+05 -3.5981e+05
-1.15e+00 +2.9358e-02 -7.7500e+04 -7.7500e+04
-1.10e+00 +3.2000e-02 -1.3013e+04 -1.3013e+04
-1.05e+00 +3.5011e-02 -1.3670e+03 -1.3670e+03
-1.00e+00 +3.8462e-02 +3.8462e-02 +1.0739e-10
-9.50e-01 +4.2440e-02 +1.8808e+01 +1.8765e+01
-9.00e-01 +4.7059e-02 -1.8989e+00 -1.9460e+00
-8.50e-01 +5.2459e-02 -8.4840e-01 -9.0086e-01
-8.00e-01 +5.8824e-02 +3.7246e-01 +3.1363e-01
-7.50e-01 +6.6390e-02 +1.2222e-01 +5.5828e-02
-7.00e-01 +7.5472e-02 +1.4278e-02 -6.1194e-02
-6.50e-01 +8.6486e-02 +8.8787e-02 +2.3001e-03
-6.00e-01 +1.0000e-01 +1.1456e-01 +1.4563e-02
-5.50e-01 +1.1679e-01 +1.1221e-01 -4.5832e-03
-5.00e-01 +1.3793e-01 +1.3405e-01 -3.8777e-03
-4.50e-01 +1.6495e-01 +1.6813e-01 +3.1793e-03
-4.00e-01 +2.0000e-01 +2.0085e-01 +8.4998e-04
-3.50e-01 +2.4615e-01 +2.4396e-01 -2.1902e-03
-3.00e-01 +3.0769e-01 +3.0799e-01 +2.9665e-04
-2.50e-01 +3.9024e-01 +3.9187e-01 +1.6293e-03
-2.00e-01 +5.0000e-01 +4.9897e-01 -1.0324e-03
-1.50e-01 +6.4000e-01 +6.3880e-01 -1.2019e-03
-1.00e-01 +8.0000e-01 +8.0179e-01 +1.7949e-03
-5.00e-02 +9.4118e-01 +9.4169e-01 +5.0930e-04
+7.63e-16 +1.0000e+00 +9.9774e-01 -2.2550e-03
+5.00e-02 +9.4118e-01 +9.4169e-01 +5.0930e-04
+1.00e-01 +8.0000e-01 +8.0179e-01 +1.7949e-03
+1.50e-01 +6.4000e-01 +6.3880e-01 -1.2019e-03
+2.00e-01 +5.0000e-01 +4.9897e-01 -1.0324e-03
+2.50e-01 +3.9024e-01 +3.9187e-01 +1.6293e-03
+3.00e-01 +3.0769e-01 +3.0799e-01 +2.9665e-04
+3.50e-01 +2.4615e-01 +2.4396e-01 -2.1902e-03
+4.00e-01 +2.0000e-01 +2.0085e-01 +8.4998e-04
+4.50e-01 +1.6495e-01 +1.6813e-01 +3.1793e-03
+5.00e-01 +1.3793e-01 +1.3405e-01 -3.8777e-03
+5.50e-01 +1.1679e-01 +1.1221e-01 -4.5832e-03
+6.00e-01 +1.0000e-01 +1.1456e-01 +1.4563e-02
+6.50e-01 +8.6486e-02 +8.8787e-02 +2.3001e-03
+7.00e-01 +7.5472e-02 +1.4278e-02 -6.1194e-02
+7.50e-01 +6.6390e-02 +1.2222e-01 +5.5828e-02
+8.00e-01 +5.8824e-02 +3.7246e-01 +3.1363e-01
+8.50e-01 +5.2459e-02 -8.4840e-01 -9.0086e-01
+9.00e-01 +4.7059e-02 -1.8989e+00 -1.9460e+00
+9.50e-01 +4.2440e-02 +1.8808e+01 +1.8765e+01
+1.00e+00 +3.8462e-02 +3.8462e-02 +1.1570e-10
+1.05e+00 +3.5011e-02 -1.3670e+03 -1.3670e+03
+1.10e+00 +3.2000e-02 -1.3013e+04 -1.3013e+04
+1.15e+00 +2.9358e-02 -7.7500e+04 -7.7500e+04
+1.20e+00 +2.7027e-02 -3.5981e+05 -3.5981e+05
+1.25e+00 +2.4961e-02 -1.4147e+06 -1.4147e+06
+1.30e+00 +2.3121e-02 -4.9182e+06 -4.9182e+06
+1.35e+00 +2.1477e-02 -1.5523e+07 -1.5523e+07
+1.40e+00 +2.0000e-02 -4.5270e+07 -4.5270e+07
+1.45e+00 +1.8670e-02 -1.2355e+08 -1.2355e+08
