Dimensió i matriu ampliada:
8
+1.00e+00  +0.00e+00  +0.00e+00  +0.00e+00  +0.00e+00  +0.00e+00  +0.00e+00  +1.00e+00  +1.00e+00  
+0.00e+00  +1.00e+00  +0.00e+00  +0.00e+00  +0.00e+00  +0.00e+00  +0.00e+00  +2.00e+00  +2.00e+00  
+0.00e+00  +0.00e+00  +1.00e+00  +0.00e+00  +0.00e+00  +0.00e+00  +0.00e+00  +4.00e+00  +4.00e+00  
+0.00e+00  +0.00e+00  +0.00e+00  +1.00e+00  +0.00e+00  +0.00e+00  +0.00e+00  +8.00e+00  +8.00e+00  
+0.00e+00  +0.00e+00  +0.00e+00  +0.00e+00  +1.00e+00  +0.00e+00  +0.00e+00  +1.60e+01  +1.60e+01  
+0.00e+00  +0.00e+00  +0.00e+00  +0.00e+00  +0.00e+00  +1.00e+00  +0.00e+00  +3.20e+01  +3.20e+01  
+0.00e+00  +0.00e+00  +0.00e+00  +0.00e+00  +0.00e+00  +0.00e+00  +1.00e+00  +6.40e+01  +6.40e+01  
+0.00e+00  +0.00e+00  +0.00e+00  +0.00e+00  +0.00e+00  +0.00e+00  +0.00e+00  +1.28e+02  +1.28e+02  

Solució al sistema:
+0.000000e+00
+0.000000e+00
+0.000000e+00
+0.000000e+00
+0.000000e+00
+0.000000e+00
+0.000000e+00
+1.000000e+00

