-2.0000e+00 -2.0408e-02
-1.9920e+00 -2.0569e-02
-1.9840e+00 -2.0731e-02
-1.9760e+00 -2.0896e-02
-1.9681e+00 -2.1062e-02
-1.9601e+00 -2.1230e-02
-1.9521e+00 -2.1400e-02
-1.9441e+00 -2.1573e-02
-1.9361e+00 -2.1747e-02
-1.9281e+00 -2.1924e-02
-1.9202e+00 -2.2102e-02
-1.9122e+00 -2.2283e-02
-1.9042e+00 -2.2466e-02
-1.8962e+00 -2.2651e-02
-1.8882e+00 -2.2839e-02
-1.8802e+00 -2.3029e-02
-1.8723e+00 -2.3221e-02
-1.8643e+00 -2.3416e-02
-1.8563e+00 -2.3613e-02
-1.8483e+00 -2.3813e-02
-1.8403e+00 -2.4015e-02
-1.8323e+00 -2.4219e-02
-1.8244e+00 -2.4427e-02
-1.8164e+00 -2.4636e-02
-1.8084e+00 -2.4849e-02
-1.8004e+00 -2.5064e-02
-1.7924e+00 -2.5283e-02
-1.7844e+00 -2.5503e-02
-1.7764e+00 -2.5727e-02
-1.7685e+00 -2.5954e-02
-1.7605e+00 -2.6184e-02
-1.7525e+00 -2.6417e-02
-1.7445e+00 -2.6653e-02
-1.7365e+00 -2.6892e-02
-1.7285e+00 -2.7134e-02
-1.7206e+00 -2.7379e-02
-1.7126e+00 -2.7628e-02
-1.7046e+00 -2.7880e-02
-1.6966e+00 -2.8136e-02
-1.6886e+00 -2.8395e-02
-1.6806e+00 -2.8658e-02
-1.6727e+00 -2.8924e-02
-1.6647e+00 -2.9194e-02
-1.6567e+00 -2.9468e-02
-1.6487e+00 -2.9745e-02
-1.6407e+00 -3.0027e-02
-1.6327e+00 -3.0312e-02
-1.6248e+00 -3.0602e-02
-1.6168e+00 -3.0895e-02
-1.6088e+00 -3.1193e-02
-1.6008e+00 -3.1495e-02
-1.5928e+00 -3.1802e-02
-1.5848e+00 -3.2113e-02
-1.5768e+00 -3.2428e-02
-1.5689e+00 -3.2748e-02
-1.5609e+00 -3.3073e-02
-1.5529e+00 -3.3403e-02
-1.5449e+00 -3.3737e-02
-1.5369e+00 -3.4077e-02
-1.5289e+00 -3.4421e-02
-1.5210e+00 -3.4771e-02
-1.5130e+00 -3.5126e-02
-1.5050e+00 -3.5486e-02
-1.4970e+00 -3.5852e-02
-1.4890e+00 -3.6224e-02
-1.4810e+00 -3.6601e-02
-1.4731e+00 -3.6984e-02
-1.4651e+00 -3.7373e-02
-1.4571e+00 -3.7768e-02
-1.4491e+00 -3.8170e-02
-1.4411e+00 -3.8578e-02
-1.4331e+00 -3.8992e-02
-1.4251e+00 -3.9413e-02
-1.4172e+00 -3.9840e-02
-1.4092e+00 -4.0275e-02
-1.4012e+00 -4.0716e-02
-1.3932e+00 -4.1165e-02
-1.3852e+00 -4.1621e-02
-1.3772e+00 -4.2085e-02
-1.3693e+00 -4.2556e-02
-1.3613e+00 -4.3035e-02
-1.3533e+00 -4.3522e-02
-1.3453e+00 -4.4017e-02
-1.3373e+00 -4.4521e-02
-1.3293e+00 -4.5033e-02
-1.3214e+00 -4.5554e-02
-1.3134e+00 -4.6084e-02
-1.3054e+00 -4.6623e-02
-1.2974e+00 -4.7172e-02
-1.2894e+00 -4.7730e-02
-1.2814e+00 -4.8298e-02
-1.2735e+00 -4.8875e-02
-1.2655e+00 -4.9463e-02
-1.2575e+00 -5.0062e-02
-1.2495e+00 -5.0671e-02
-1.2415e+00 -5.1292e-02
-1.2335e+00 -5.1923e-02
-1.2255e+00 -5.2566e-02
-1.2176e+00 -5.3221e-02
-1.2096e+00 -5.3888e-02
-1.2016e+00 -5.4567e-02
-1.1936e+00 -5.5259e-02
-1.1856e+00 -5.5964e-02
-1.1776e+00 -5.6682e-02
-1.1697e+00 -5.7414e-02
-1.1617e+00 -5.8160e-02
-1.1537e+00 -5.8920e-02
-1.1457e+00 -5.9695e-02
-1.1377e+00 -6.0485e-02
-1.1297e+00 -6.1290e-02
-1.1218e+00 -6.2112e-02
-1.1138e+00 -6.2949e-02
-1.1058e+00 -6.3803e-02
-1.0978e+00 -6.4674e-02
-1.0898e+00 -6.5563e-02
-1.0818e+00 -6.6470e-02
-1.0739e+00 -6.7395e-02
-1.0659e+00 -6.8339e-02
-1.0579e+00 -6.9303e-02
-1.0499e+00 -7.0286e-02
-1.0419e+00 -7.1291e-02
-1.0339e+00 -7.2316e-02
-1.0259e+00 -7.3363e-02
-1.0180e+00 -7.4432e-02
-1.0100e+00 -7.5525e-02
-1.0020e+00 -7.6640e-02
-9.9401e-01 -7.7780e-02
-9.8603e-01 -7.8945e-02
-9.7804e-01 -8.0136e-02
-9.7006e-01 -8.1352e-02
-9.6208e-01 -8.2596e-02
-9.5409e-01 -8.3868e-02
-9.4611e-01 -8.5168e-02
-9.3812e-01 -8.6498e-02
-9.3014e-01 -8.7859e-02
-9.2216e-01 -8.9250e-02
-9.1417e-01 -9.0674e-02
-9.0619e-01 -9.2131e-02
-8.9820e-01 -9.3622e-02
-8.9022e-01 -9.5148e-02
-8.8224e-01 -9.6711e-02
-8.7425e-01 -9.8311e-02
-8.6627e-01 -9.9950e-02
-8.5828e-01 -1.0163e-01
-8.5030e-01 -1.0335e-01
-8.4232e-01 -1.0511e-01
-8.3433e-01 -1.0691e-01
-8.2635e-01 -1.0876e-01
-8.1836e-01 -1.1066e-01
-8.1038e-01 -1.1261e-01
-8.0240e-01 -1.1460e-01
-7.9441e-01 -1.1664e-01
-7.8643e-01 -1.1874e-01
-7.7844e-01 -1.2089e-01
-7.7046e-01 -1.2310e-01
-7.6248e-01 -1.2537e-01
-7.5449e-01 -1.2770e-01
-7.4651e-01 -1.3009e-01
-7.3852e-01 -1.3254e-01
-7.3054e-01 -1.3506e-01
-7.2255e-01 -1.3765e-01
-7.1457e-01 -1.4030e-01
-7.0659e-01 -1.4304e-01
-6.9860e-01 -1.4585e-01
-6.9062e-01 -1.4873e-01
-6.8263e-01 -1.5170e-01
-6.7465e-01 -1.5475e-01
-6.6667e-01 -1.5789e-01
-6.5868e-01 -1.6113e-01
-6.5070e-01 -1.6445e-01
-6.4271e-01 -1.6787e-01
-6.3473e-01 -1.7139e-01
-6.2675e-01 -1.7502e-01
-6.1876e-01 -1.7875e-01
-6.1078e-01 -1.8259e-01
-6.0279e-01 -1.8656e-01
-5.9481e-01 -1.9064e-01
-5.8683e-01 -1.9484e-01
-5.7884e-01 -1.9918e-01
-5.7086e-01 -2.0364e-01
-5.6287e-01 -2.0825e-01
-5.5489e-01 -2.1300e-01
-5.4691e-01 -2.1790e-01
-5.3892e-01 -2.2295e-01
-5.3094e-01 -2.2817e-01
-5.2295e-01 -2.3355e-01
-5.1497e-01 -2.3910e-01
-5.0699e-01 -2.4483e-01
-4.9900e-01 -2.5075e-01
-4.9102e-01 -2.5686e-01
-4.8303e-01 -2.6317e-01
-4.7505e-01 -2.6968e-01
-4.6707e-01 -2.7641e-01
-4.5908e-01 -2.8336e-01
-4.5110e-01 -2.9054e-01
-4.4311e-01 -2.9796e-01
-4.3513e-01 -3.0562e-01
-4.2715e-01 -3.1353e-01
-4.1916e-01 -3.2171e-01
-4.1118e-01 -3.3016e-01
-4.0319e-01 -3.3889e-01
-3.9521e-01 -3.4791e-01
-3.8723e-01 -3.5723e-01
-3.7924e-01 -3.6685e-01
-3.7126e-01 -3.7679e-01
-3.6327e-01 -3.8706e-01
-3.5529e-01 -3.9765e-01
-3.4731e-01 -4.0859e-01
-3.3932e-01 -4.1987e-01
-3.3134e-01 -4.3152e-01
-3.2335e-01 -4.4352e-01
-3.1537e-01 -4.5589e-01
-3.0739e-01 -4.6864e-01
-2.9940e-01 -4.8177e-01
-2.9142e-01 -4.9527e-01
-2.8343e-01 -5.0916e-01
-2.7545e-01 -5.2343e-01
-2.6747e-01 -5.3808e-01
-2.5948e-01 -5.5311e-01
-2.5150e-01 -5.6850e-01
-2.4351e-01 -5.8425e-01
-2.3553e-01 -6.0035e-01
-2.2754e-01 -6.1678e-01
-2.1956e-01 -6.3352e-01
-2.1158e-01 -6.5054e-01
-2.0359e-01 -6.6782e-01
-1.9561e-01 -6.8533e-01
-1.8762e-01 -7.0302e-01
-1.7964e-01 -7.2085e-01
-1.7166e-01 -7.3877e-01
-1.6367e-01 -7.5674e-01
-1.5569e-01 -7.7467e-01
-1.4770e-01 -7.9252e-01
-1.3972e-01 -8.1020e-01
-1.3174e-01 -8.2764e-01
-1.2375e-01 -8.4475e-01
-1.1577e-01 -8.6145e-01
-1.0778e-01 -8.7765e-01
-9.9800e-02 -8.9324e-01
-9.1816e-02 -9.0813e-01
-8.3832e-02 -9.2222e-01
-7.5848e-02 -9.3542e-01
-6.7864e-02 -9.4763e-01
-5.9880e-02 -9.5875e-01
-5.1896e-02 -9.6869e-01
-4.3912e-02 -9.7738e-01
-3.5928e-02 -9.8475e-01
-2.7944e-02 -9.9072e-01
-1.9960e-02 -9.9524e-01
-1.1976e-02 -9.9828e-01
-3.9920e-03 -9.9981e-01
+3.9920e-03 -9.9981e-01
+1.1976e-02 -9.9828e-01
+1.9960e-02 -9.9524e-01
+2.7944e-02 -9.9072e-01
+3.5928e-02 -9.8475e-01
+4.3912e-02 -9.7738e-01
+5.1896e-02 -9.6869e-01
+5.9880e-02 -9.5875e-01
+6.7864e-02 -9.4763e-01
+7.5848e-02 -9.3542e-01
+8.3832e-02 -9.2222e-01
+9.1816e-02 -9.0813e-01
+9.9800e-02 -8.9324e-01
+1.0778e-01 -8.7765e-01
+1.1577e-01 -8.6145e-01
+1.2375e-01 -8.4475e-01
+1.3174e-01 -8.2764e-01
+1.3972e-01 -8.1020e-01
+1.4770e-01 -7.9252e-01
+1.5569e-01 -7.7467e-01
+1.6367e-01 -7.5674e-01
+1.7166e-01 -7.3877e-01
+1.7964e-01 -7.2085e-01
+1.8762e-01 -7.0302e-01
+1.9561e-01 -6.8533e-01
+2.0359e-01 -6.6782e-01
+2.1158e-01 -6.5054e-01
+2.1956e-01 -6.3352e-01
+2.2754e-01 -6.1678e-01
+2.3553e-01 -6.0035e-01
+2.4351e-01 -5.8425e-01
+2.5150e-01 -5.6850e-01
+2.5948e-01 -5.5311e-01
+2.6747e-01 -5.3808e-01
+2.7545e-01 -5.2343e-01
+2.8343e-01 -5.0916e-01
+2.9142e-01 -4.9527e-01
+2.9940e-01 -4.8177e-01
+3.0739e-01 -4.6864e-01
+3.1537e-01 -4.5589e-01
+3.2335e-01 -4.4352e-01
+3.3134e-01 -4.3152e-01
+3.3932e-01 -4.1987e-01
+3.4731e-01 -4.0859e-01
+3.5529e-01 -3.9765e-01
+3.6327e-01 -3.8706e-01
+3.7126e-01 -3.7679e-01
+3.7924e-01 -3.6685e-01
+3.8723e-01 -3.5723e-01
+3.9521e-01 -3.4791e-01
+4.0319e-01 -3.3889e-01
+4.1118e-01 -3.3016e-01
+4.1916e-01 -3.2171e-01
+4.2715e-01 -3.1353e-01
+4.3513e-01 -3.0562e-01
+4.4311e-01 -2.9796e-01
+4.5110e-01 -2.9054e-01
+4.5908e-01 -2.8336e-01
+4.6707e-01 -2.7641e-01
+4.7505e-01 -2.6968e-01
+4.8303e-01 -2.6317e-01
+4.9102e-01 -2.5686e-01
+4.9900e-01 -2.5075e-01
+5.0699e-01 -2.4483e-01
+5.1497e-01 -2.3910e-01
+5.2295e-01 -2.3355e-01
+5.3094e-01 -2.2817e-01
+5.3892e-01 -2.2295e-01
+5.4691e-01 -2.1790e-01
+5.5489e-01 -2.1300e-01
+5.6287e-01 -2.0825e-01
+5.7086e-01 -2.0364e-01
+5.7884e-01 -1.9918e-01
+5.8683e-01 -1.9484e-01
+5.9481e-01 -1.9064e-01
+6.0279e-01 -1.8656e-01
+6.1078e-01 -1.8259e-01
+6.1876e-01 -1.7875e-01
+6.2675e-01 -1.7502e-01
+6.3473e-01 -1.7139e-01
+6.4271e-01 -1.6787e-01
+6.5070e-01 -1.6445e-01
+6.5868e-01 -1.6113e-01
+6.6667e-01 -1.5789e-01
+6.7465e-01 -1.5475e-01
+6.8263e-01 -1.5170e-01
+6.9062e-01 -1.4873e-01
+6.9860e-01 -1.4585e-01
+7.0659e-01 -1.4304e-01
+7.1457e-01 -1.4030e-01
+7.2255e-01 -1.3765e-01
+7.3054e-01 -1.3506e-01
+7.3852e-01 -1.3254e-01
+7.4651e-01 -1.3009e-01
+7.5449e-01 -1.2770e-01
+7.6248e-01 -1.2537e-01
+7.7046e-01 -1.2310e-01
+7.7844e-01 -1.2089e-01
+7.8643e-01 -1.1874e-01
+7.9441e-01 -1.1664e-01
+8.0240e-01 -1.1460e-01
+8.1038e-01 -1.1261e-01
+8.1836e-01 -1.1066e-01
+8.2635e-01 -1.0876e-01
+8.3433e-01 -1.0691e-01
+8.4232e-01 -1.0511e-01
+8.5030e-01 -1.0335e-01
+8.5828e-01 -1.0163e-01
+8.6627e-01 -9.9950e-02
+8.7425e-01 -9.8311e-02
+8.8224e-01 -9.6711e-02
+8.9022e-01 -9.5148e-02
+8.9820e-01 -9.3622e-02
+9.0619e-01 -9.2131e-02
+9.1417e-01 -9.0674e-02
+9.2216e-01 -8.9250e-02
+9.3014e-01 -8.7859e-02
+9.3812e-01 -8.6498e-02
+9.4611e-01 -8.5168e-02
+9.5409e-01 -8.3868e-02
+9.6208e-01 -8.2596e-02
+9.7006e-01 -8.1352e-02
+9.7804e-01 -8.0136e-02
+9.8603e-01 -7.8945e-02
+9.9401e-01 -7.7780e-02
+1.0020e+00 -7.6640e-02
+1.0100e+00 -7.5525e-02
+1.0180e+00 -7.4432e-02
+1.0259e+00 -7.3363e-02
+1.0339e+00 -7.2316e-02
+1.0419e+00 -7.1291e-02
+1.0499e+00 -7.0286e-02
+1.0579e+00 -6.9303e-02
+1.0659e+00 -6.8339e-02
+1.0739e+00 -6.7395e-02
+1.0818e+00 -6.6470e-02
+1.0898e+00 -6.5563e-02
+1.0978e+00 -6.4674e-02
+1.1058e+00 -6.3803e-02
+1.1138e+00 -6.2949e-02
+1.1218e+00 -6.2112e-02
+1.1297e+00 -6.1290e-02
+1.1377e+00 -6.0485e-02
+1.1457e+00 -5.9695e-02
+1.1537e+00 -5.8920e-02
+1.1617e+00 -5.8160e-02
+1.1697e+00 -5.7414e-02
+1.1776e+00 -5.6682e-02
+1.1856e+00 -5.5964e-02
+1.1936e+00 -5.5259e-02
+1.2016e+00 -5.4567e-02
+1.2096e+00 -5.3888e-02
+1.2176e+00 -5.3221e-02
+1.2255e+00 -5.2566e-02
+1.2335e+00 -5.1923e-02
+1.2415e+00 -5.1292e-02
+1.2495e+00 -5.0671e-02
+1.2575e+00 -5.0062e-02
+1.2655e+00 -4.9463e-02
+1.2735e+00 -4.8875e-02
+1.2814e+00 -4.8298e-02
+1.2894e+00 -4.7730e-02
+1.2974e+00 -4.7172e-02
+1.3054e+00 -4.6623e-02
+1.3134e+00 -4.6084e-02
+1.3214e+00 -4.5554e-02
+1.3293e+00 -4.5033e-02
+1.3373e+00 -4.4521e-02
+1.3453e+00 -4.4017e-02
+1.3533e+00 -4.3522e-02
+1.3613e+00 -4.3035e-02
+1.3693e+00 -4.2556e-02
+1.3772e+00 -4.2085e-02
+1.3852e+00 -4.1621e-02
+1.3932e+00 -4.1165e-02
+1.4012e+00 -4.0716e-02
+1.4092e+00 -4.0275e-02
+1.4172e+00 -3.9840e-02
+1.4251e+00 -3.9413e-02
+1.4331e+00 -3.8992e-02
+1.4411e+00 -3.8578e-02
+1.4491e+00 -3.8170e-02
+1.4571e+00 -3.7768e-02
+1.4651e+00 -3.7373e-02
+1.4731e+00 -3.6984e-02
+1.4810e+00 -3.6601e-02
+1.4890e+00 -3.6224e-02
+1.4970e+00 -3.5852e-02
+1.5050e+00 -3.5486e-02
+1.5130e+00 -3.5126e-02
+1.5210e+00 -3.4771e-02
+1.5289e+00 -3.4421e-02
+1.5369e+00 -3.4077e-02
+1.5449e+00 -3.3737e-02
+1.5529e+00 -3.3403e-02
+1.5609e+00 -3.3073e-02
+1.5689e+00 -3.2748e-02
+1.5768e+00 -3.2428e-02
+1.5848e+00 -3.2113e-02
+1.5928e+00 -3.1802e-02
+1.6008e+00 -3.1495e-02
+1.6088e+00 -3.1193e-02
+1.6168e+00 -3.0895e-02
+1.6248e+00 -3.0602e-02
+1.6327e+00 -3.0312e-02
+1.6407e+00 -3.0027e-02
+1.6487e+00 -2.9745e-02
+1.6567e+00 -2.9468e-02
+1.6647e+00 -2.9194e-02
+1.6727e+00 -2.8924e-02
+1.6806e+00 -2.8658e-02
+1.6886e+00 -2.8395e-02
+1.6966e+00 -2.8136e-02
+1.7046e+00 -2.7880e-02
+1.7126e+00 -2.7628e-02
+1.7206e+00 -2.7379e-02
+1.7285e+00 -2.7134e-02
+1.7365e+00 -2.6892e-02
+1.7445e+00 -2.6653e-02
+1.7525e+00 -2.6417e-02
+1.7605e+00 -2.6184e-02
+1.7685e+00 -2.5954e-02
+1.7764e+00 -2.5727e-02
+1.7844e+00 -2.5503e-02
+1.7924e+00 -2.5283e-02
+1.8004e+00 -2.5064e-02
+1.8084e+00 -2.4849e-02
+1.8164e+00 -2.4636e-02
+1.8244e+00 -2.4427e-02
+1.8323e+00 -2.4219e-02
+1.8403e+00 -2.4015e-02
+1.8483e+00 -2.3813e-02
+1.8563e+00 -2.3613e-02
+1.8643e+00 -2.3416e-02
+1.8723e+00 -2.3221e-02
+1.8802e+00 -2.3029e-02
+1.8882e+00 -2.2839e-02
+1.8962e+00 -2.2651e-02
+1.9042e+00 -2.2466e-02
+1.9122e+00 -2.2283e-02
+1.9202e+00 -2.2102e-02
+1.9281e+00 -2.1924e-02
+1.9361e+00 -2.1747e-02
+1.9441e+00 -2.1573e-02
+1.9521e+00 -2.1400e-02
+1.9601e+00 -2.1230e-02
+1.9681e+00 -2.1062e-02
+1.9760e+00 -2.0896e-02
+1.9840e+00 -2.0731e-02
+1.9920e+00 -2.0569e-02
